Frame_Start Frame_End Laugh
102,200,0
202,345,1
416,439,0
441,629,1
631,657,0
658,777,1
778,847,0
869,964,0
969,1159,1
1181,1280,0
1282,1376,0
1400,1564,1
2766,2863,1
2865,2909,0
2909,2953,0
2957,3006,1
3029,3063,0
3063,3097,0
3100,3169,0
3170,3217,0
3220,3294,0
3313,3366,0
3388,3438,0
3458,3530,1
3535,3592,0
3592,3649,0
3673,3699,0
3699,3724,0
3726,3762,0
3762,3798,0
3817,3865,0
3895,3966,1
3988,4024,0
4024,4059,0
4062,4134,0
4158,4206,0
4206,4255,0
4273,4309,0
4309,4344,0
4346,4396,0
4397,4444,0
4444,4490,1
4517,4584,0
4586,4622,0
4622,4659,0
4661,4707,0
4707,4754,0
4757,4794,0
4794,4831,0
4849,4898,0
4898,4948,1
4969,5019,0
5021,5066,0
5066,5112,0
5114,5139,0
5139,5164,0
5165,5212,0
5212,5258,0
5259,5311,0
5427,5451,1
5451,5475,0
5477,5520,0
5597,5632,0
5632,5666,0
5787,5835,1
6077,6136,0
6136,6195,1
6219,6264,0
6264,6310,0
6311,6349,0
6349,6388,1
6406,6430,0
6430,6454,0
6455,6484,0
6502,6539,0
6539,6576,0
6577,6614,0
6614,6652,0
6670,6719,0
6719,6768,1
6815,6840,0
6843,6915,0
6916,6951,0
6951,6987,0
6988,7011,0
7030,7056,0
7056,7083,0
7084,7141,0
7141,7199,1
7223,7271,0
7273,7341,0
7343,7415,0
7415,7487,1
7561,7621,0
7621,7680,0
7681,7742,0
7742,7802,0
7821,7849,0
7850,7898,0
7898,7946,0
7965,8012,0
8013,8061,0
8061,8108,1
8281,8327,0
8327,8372,0
8375,8411,0
8411,8447,0
8449,8521,0
8541,8613,1
8615,8661,0
8686,8735,0
8735,8783,0
8785,8831,0
8831,8877,0
8899,8935,0
8935,8971,0
8973,9033,0
9033,9093,0
9118,9153,0
9153,9188,0
9189,9227,0
9227,9264,0
9308,9333,1
9333,9358,0
9360,9407,0
9410,9456,0
9456,9501,0
9502,9550,0
9552,9588,0
9588,9623,0
9625,9658,0
9658,9692,0
9693,9755,0
9755,9816,1
9836,9873,0
9873,9910,0
9912,9958,0
9958,10004,0
10005,10032,0
10032,10058,1
10074,10121,0
10124,10161,0
10161,10198,0
10366,10425,0
10425,10484,0
10505,10530,0
10530,10555,1
10557,10618,0
10618,10680,0
10700,10748,1
10775,10845,0
10845,10916,1
10917,10964,0
10986,11033,0
11057,11106,0
11106,11156,0
11159,11194,0
11194,11228,0
11230,11289,0
11289,11348,1
11350,11417,0
11421,11465,0
11470,11560,1
11563,11600,0
11600,11636,0
11656,11704,0
11704,11751,1
11824,11862,0
11862,11900,0
11901,11958,0
11958,12016,0
12021,12056,0
12056,12091,0
12136,12162,1
12184,12237,0
12256,12317,0
12317,12378,1
12450,12497,0
12497,12544,1
12664,12688,0
12690,12740,0
12760,12813,0
12880,12909,1
12928,12999,0
13001,13070,0
13073,13108,0
13108,13144,0
13145,13191,0
13217,13287,1
13313,13347,0
13347,13382,0
13385,13435,0
13436,13493,0
13493,13550,0
13646,13683,0
13683,13720,0
13793,13843,1
13843,13893,0
13985,14044,1
14044,14104,0
14105,14150,0
14153,14200,0
14200,14246,0
14249,14298,0
14298,14347,1
14366,14403,0
14403,14440,0
14441,14488,0
14488,14535,0
14537,14606,0
14609,14643,0
14643,14678,0
14679,14729,0
14729,14779,0
14781,14846,0
14849,14896,0
14896,14944,1
15017,15062,0
15063,15110,0
15115,15187,0
15281,15330,0
15330,15379,0
15381,15440,0
15440,15499,1
15501,15559,0
15559,15617,0
15619,15664,0
15664,15710,1
15763,15821,0
15821,15880,0
15881,15904,0
15904,15927,0
15928,15976,0
15976,16085,0
16085,16144,0
16145,16204,0
16204,16264,0
16265,16323,0
16323,16380,1
16383,16443,0
16443,16503,0
16504,16554,0
16599,16648,1
16648,16697,0
16719,16743,0
16745,16804,0
16804,16863,0
16864,16888,0
16888,16913,0
16933,16946,0
16946,16959,0
16961,17033,0
17033,17105,0
17127,17196,1
17221,17272,1
17512,17557,1
17558,17607,0
17607,17655,0
17675,17728,1
17867,17891,0
17891,17915,0
17921,18015,0
18041,18083,0
18085,18171,0
18171,18230,0
18232,18351,1
18401,18448,0
18450,18539,0
18541,18565,0
18662,18777,1
18778,18934,0
18934,18994,1
19045,19092,0
19113,19163,0
19166,19209,0
19212,19377,1
19401,19428,0
19428,19454,0
19473,19504,0
19665,19713,1
19716,19742,0
19742,19929,1
19937,19982,0
19982,20028,1
20098,20196,0
20218,20312,1
20317,20360,0
20365,20390,0
20390,20415,0
20435,20508,0
20509,20576,0
20578,20672,0
20675,20711,0
20711,20747,0
20749,20845,0
20864,20962,0
20963,20987,0
20989,21087,1
21514,21587,0
21588,21633,0
21633,21678,0
21681,21731,0
21801,21849,1
21873,21921,0
21921,21969,0
21997,22040,0
22065,22126,1
22126,22187,0
22254,22280,0
22280,22305,0
22309,22343,0
22343,22377,0
22379,22414,0
22414,22448,0
22449,22497,0
22497,22545,0
22547,22592,0
22592,22638,1
22639,22686,0
22687,22763,1
22785,22822,0
22822,22859,0
22860,22951,0
22953,22998,1
23021,23059,0
23059,23097,0
23217,23261,0
23263,23298,0
23298,23455,1
23456,23506,0
23549,23596,1
23621,23743,0
23743,23788,1
23792,23890,0
23909,23935,0
23937,24033,1
24053,24125,0
24130,24189,0
24189,24248,1
24274,24344,0
24345,24507,0
24509,24547,0
24547,24632,0
24724,24774,1
24800,24896,0
24915,25109,1
25112,25180,0
25208,25276,0
25326,25378,0
25448,25508,0
25508,25568,0
25587,25709,0
25714,25808,1
25977,26020,0
26095,26163,1
26165,26263,0
26359,26383,1
26383,26407,0
26425,26462,0
26462,26498,0
26525,26559,0
26559,26593,0
26617,26641,0
26641,26665,0
26666,26713,0
26716,26787,0
26833,26935,1
26959,27002,0
27004,27073,0
27077,27112,0
27112,27217,0
27218,27265,1
27295,27471,0
27471,27532,1
27552,27590,0
27590,27628,0
27629,27771,1
27773,27832,0
27832,27891,1
27917,27986,0
27986,28056,1
28128,28156,0
28200,28288,0
28288,28324,1
28370,28419,0
28490,28517,0
28536,28756,0
28826,28862,1
28862,28972,0
29043,29088,1
29090,29141,0
29282,29335,1
29357,29380,0
29402,29450,1
29501,29571,0
29645,29712,0
30000,30050,1
30053,30168,0
30171,30219,0
30336,30430,0
30432,30483,0
30502,30598,0
30600,30651,0
30696,30744,0
30744,30841,0
30841,30889,0
30891,30948,0
30948,31006,0
31007,31055,0
31102,31179,0
31464,31583,0
31608,31676,0
31728,31775,0
31777,31849,0
31871,31946,0
31994,32089,0
32090,32156,0
32159,32267,0
32267,32301,1
